200 1000
1 10
1 48
1 69
1 71
1 107
1 137
1 172
2 8
2 18
2 23
2 37
2 44
2 64
2 103
2 109
2 112
2 125
2 136
2 144
2 152
2 194
3 60
3 72
3 92
3 155
3 182
4 47
4 59
4 81
4 119
4 149
4 152
4 167
5 16
5 18
5 27
5 54
5 58
5 73
5 110
5 131
5 148
5 152
5 165
5 184
5 190
5 192
6 19
6 48
6 49
6 57
6 69
6 83
6 124
6 136
6 161
6 186
6 194
7 13
7 14
7 17
7 39
7 44
7 62
7 138
7 142
7 177
8 66
8 83
8 97
8 103
8 107
8 172
8 184
8 195
9 64
9 75
9 138
9 140
9 141
9 150
9 163
9 164
9 165
10 41
10 94
10 118
10 120
10 131
10 134
10 148
10 173
10 195
11 44
11 82
11 95
11 111
11 117
11 136
11 160
11 196
12 41
12 45
12 54
12 95
12 103
12 125
12 127
12 132
12 133
12 137
12 158
12 164
12 197
12 200
13 42
13 86
13 112
13 120
13 153
13 156
13 160
13 162
14 21
14 77
14 104
14 116
14 118
14 138
14 159
14 161
14 179
14 197
15 26
15 27
15 32
15 96
15 99
15 119
15 126
15 159
15 177
16 49
16 56
16 59
16 98
16 105
16 147
16 151
16 167
16 188
16 190
16 197
17 61
17 118
17 122
17 126
17 149
17 180
18 25
18 60
18 121
18 133
18 134
18 157
18 176
18 185
18 188
19 35
19 53
19 60
19 92
19 98
19 102
19 120
19 127
19 130
19 154
19 174
19 181
19 185
19 191
20 24
20 33
20 79
20 105
20 118
20 194
21 25
21 31
21 53
21 69
21 99
21 109
21 125
21 134
21 137
21 143
21 163
22 34
22 37
22 42
22 44
22 48
22 70
22 82
22 108
22 122
22 136
22 148
22 187
23 51
23 54
23 91
23 112
23 158
23 167
23 188
24 52
24 62
24 73
24 106
24 115
24 159
24 177
25 32
25 40
25 53
25 71
25 88
25 98
25 128
25 129
25 138
25 155
25 161
25 181
25 183
25 197
26 31
26 49
26 141
26 145
26 148
26 173
27 28
27 48
27 72
27 75
27 89
27 138
27 145
27 150
27 170
28 30
28 35
28 76
28 82
28 86
28 102
28 185
29 61
29 76
29 94
29 109
29 130
29 171
29 177
30 42
30 54
30 61
30 67
30 125
30 146
30 154
30 157
30 159
30 182
30 188
30 198
31 36
31 98
31 104
31 108
31 120
31 125
31 133
31 146
31 154
32 65
32 93
32 103
32 111
32 119
32 150
32 155
32 158
33 44
33 50
33 97
33 108
33 110
33 117
33 184
33 186
33 187
33 191
33 195
34 97
34 98
34 132
34 136
34 179
34 182
35 40
35 55
35 70
35 77
35 109
35 125
35 147
36 41
36 68
36 103
36 107
36 142
36 150
36 183
37 41
37 66
37 89
37 93
37 102
37 105
37 107
37 151
37 187
37 193
38 42
38 46
38 55
38 72
38 77
38 98
38 106
38 148
38 172
38 178
38 179
38 186
39 40
39 46
39 121
39 129
39 132
39 157
39 160
39 169
39 170
40 44
40 49
40 53
40 101
40 104
40 105
40 128
40 153
40 173
40 181
40 197
41 42
41 73
41 87
41 128
41 132
41 142
41 146
41 149
41 164
41 181
41 183
42 61
42 90
42 101
42 108
42 121
42 128
42 160
42 164
42 183
43 51
43 60
43 136
43 167
44 45
44 113
44 117
44 168
44 172
45 47
45 54
45 57
45 85
45 95
45 102
45 123
45 127
45 155
45 185
46 47
46 65
46 77
46 118
46 184
46 193
46 197
47 139
47 149
47 154
47 155
47 190
48 51
48 55
48 58
48 63
48 78
48 83
48 94
48 103
48 145
48 157
48 169
48 171
48 186
49 64
49 76
49 113
49 124
49 187
49 188
49 199
50 58
50 94
50 97
50 116
50 117
50 139
50 192
50 194
51 140
51 174
52 76
52 107
52 110
52 113
52 119
52 120
52 126
52 148
53 62
53 114
53 115
53 140
53 156
53 175
54 59
54 68
54 77
54 114
54 121
54 130
54 157
54 170
55 91
55 115
55 116
55 119
55 136
55 171
55 197
56 67
56 81
56 86
56 100
56 113
56 114
56 123
56 124
56 147
56 149
57 68
57 93
57 105
57 124
57 141
57 144
57 151
58 70
58 71
58 79
58 127
58 143
58 162
58 199
59 62
59 121
59 140
60 74
60 78
60 92
60 119
60 143
60 153
60 168
60 172
61 89
61 132
61 135
61 152
61 199
62 139
63 71
63 79
63 103
63 112
63 135
63 156
63 177
64 71
64 105
64 118
64 136
64 146
64 148
64 195
65 93
65 120
65 130
65 152
65 168
66 85
66 104
66 137
66 175
66 187
67 76
67 96
67 100
67 125
67 155
67 168
67 197
68 72
68 83
68 93
68 120
68 146
68 178
68 183
68 187
69 71
69 110
69 114
69 130
69 136
70 79
70 110
70 117
70 162
70 165
70 170
70 188
70 191
70 199
71 82
71 113
71 158
71 163
72 81
72 105
72 114
72 134
72 182
72 185
73 106
73 125
73 149
73 162
73 167
73 184
73 185
73 189
74 87
74 90
74 118
74 120
74 131
74 145
74 146
74 171
75 139
75 149
75 151
75 162
75 175
75 195
76 82
76 96
76 107
76 109
76 114
76 125
76 134
76 172
76 177
77 93
77 106
77 153
77 169
78 86
78 106
78 153
78 157
78 184
78 197
79 126
79 145
79 173
80 102
80 125
80 151
80 156
80 172
80 179
80 184
81 96
81 97
81 121
81 136
81 169
81 187
81 197
82 118
82 126
82 148
82 159
82 169
83 96
83 110
83 190
84 96
84 97
84 99
84 109
84 123
84 124
84 147
84 149
84 168
84 178
84 196
85 146
85 156
85 167
85 196
85 197
86 90
86 117
87 104
87 107
87 147
87 158
87 160
87 188
87 199
88 165
88 171
88 180
88 183
88 187
88 195
88 197
89 132
89 151
89 189
90 91
90 93
90 106
90 130
90 164
90 167
90 191
91 120
91 121
91 122
91 131
91 165
91 169
92 106
92 187
92 191
92 194
93 97
93 105
93 108
93 109
93 122
93 137
93 144
93 152
93 184
94 95
94 109
94 126
94 138
94 149
94 168
94 175
95 121
95 127
95 135
95 156
95 182
95 195
95 198
96 104
96 117
96 125
96 126
96 151
96 161
96 182
97 113
97 126
97 135
97 166
97 176
98 111
98 117
98 123
98 139
99 124
99 140
99 155
99 169
100 128
100 194
101 129
101 143
101 149
101 162
102 108
102 119
102 121
102 200
103 107
103 122
103 147
103 163
103 175
104 107
104 110
104 140
104 145
104 173
104 189
105 124
105 125
105 142
105 147
105 167
105 182
105 197
106 126
107 115
107 184
107 191
108 144
108 147
108 150
108 197
109 111
109 130
109 135
109 148
109 187
109 197
110 115
110 148
111 121
111 129
111 147
111 148
111 155
111 159
112 125
112 136
112 161
112 197
113 140
113 141
113 151
113 162
113 193
114 129
114 153
114 168
114 172
114 182
115 134
115 141
115 168
115 171
115 175
115 197
116 128
116 145
116 150
116 175
117 130
117 142
117 153
117 173
117 191
117 193
118 183
119 136
119 165
119 167
119 175
119 176
119 179
119 192
120 149
120 165
120 166
120 169
120 193
121 122
121 155
121 158
121 166
121 175
121 180
121 196
122 137
122 144
122 147
123 129
123 147
123 166
123 195
123 198
124 195
124 198
125 131
125 135
125 136
125 143
125 159
125 190
126 136
126 142
126 160
126 168
127 138
127 144
127 157
128 131
128 136
128 147
128 199
129 133
129 134
129 136
129 171
130 139
130 169
131 140
131 155
131 161
131 174
131 180
131 192
132 157
132 160
132 168
132 181
133 150
133 165
134 138
134 166
134 167
135 158
135 188
136 142
136 183
137 138
137 154
137 170
137 183
137 191
138 157
138 173
138 179
139 141
139 156
140 143
140 157
140 170
140 173
140 188
140 194
141 152
141 173
141 181
142 155
142 159
142 163
144 160
144 173
144 180
145 186
146 147
146 186
147 149
147 167
147 171
148 166
149 157
149 189
150 157
150 159
150 166
150 170
150 172
150 174
150 175
150 182
150 191
151 155
151 160
152 184
152 188
153 173
154 160
154 161
154 195
155 158
157 161
157 180
158 172
158 196
159 170
159 183
160 171
160 173
160 177
160 178
160 182
161 164
161 186
162 163
162 177
162 189
163 172
163 187
164 180
165 182
166 169
166 175
167 194
168 193
169 175
169 199
170 187
170 189
170 193
170 196
171 192
173 192
174 179
174 186
174 188
175 188
177 179
178 179
178 188
178 199
179 185
180 183
180 195
181 188
181 199
182 193
185 186
186 188
190 197
192 193
197 198
